<?xml version="1.0" encoding="UTF-8" standalone="no" ?>
<SimscapeMultibodyImportXML version="2.0" xmlns="urn:mathworks:SimscapeMultibody:import" xmlns:xsi="http://www.w3.org/2001/XMLSchema-instance">
<Created by="" on="10/26/23||11:33:19" using="Simscape Multibody Link Version 7.4" from="SolidWorks 31.0.1"/>
<ModelUnits mass="kilogram" length="millimeter"/>
<DataUnits mass="kilogram" length="meter"/>
<RootAssembly name="Assem9" uid="Assem9" version="621">
<AssemblyFile name="Assem9.SLDASM" type="SolidWorks Assembly"/>
<InstanceTree>
<Instance name="Head-1" uid="Head-1" grounded="true" entityUid="Head*:*Default">
<Transform>
<Rotation>1 0 0 0 1 0 0 0 1</Rotation>
<Translation>-0.0052617517889075316 0.0069856350282293533 -0.0019693826468815123</Translation>
</Transform>
</Instance>
<Instance name="connector-1" uid="connector-1" entityUid="connector*:*Default">
<Transform>
<Rotation>1 0 0 0 0.15370987438374009 0.98811602280143951 0 -0.98811602280143951 0.15370987438374009</Rotation>
<Translation>-0.0052417015372898477 0.0042340833780944408 0.096071206595428615</Translation>
</Transform>
</Instance>
<Instance name="Body-1" uid="Body-1" entityUid="Body*:*Default">
<Transform>
<Rotation>-5.7506083228631155e-16 -0.97689434290761901 0.21372281767535134 0.9881160228014394 -0.032851307457817912 -0.15015830673451683 0.15370987438374067 0.21118294058328524 0.96528495281110194</Rotation>
<Translation>0.00042836481558325141 0.0013000516334979726 0.11506292096239994</Translation>
</Transform>
</Instance>
<Instance name="connector-2" uid="connector-2" entityUid="connector*:*Default">
<Transform>
<Rotation>0.03243226570537755 0.21124770042844518 -0.97689434290761945 -0.99945908442805731 0.0015264837179701652 -0.032851307457818182 -0.0054485498479062778 0.97743136787763907 0.21118294058328249</Rotation>
<Translation>0.017407291083576051 -0.010443434917453549 0.19168264145815217</Translation>
</Transform>
</Instance>
<Instance name="driver-2" uid="driver-2" entityUid="driver*:*Default">
<Transform>
<Rotation>1.1600963245594897e-15 0.21372281767534695 -0.97689434290762001 -0.9881160228014394 -0.15015830673451708 -0.032851307457817863 -0.15370987438374092 0.96528495281110305 0.21118294058328083</Rotation>
<Translation>0.013132997346183532 -0.0064501662758561749 0.17262665609593986</Translation>
</Transform>
</Instance>
<Instance name="driver-1" uid="driver-1" entityUid="driver*:*Default">
<Transform>
<Rotation>0 0 1 1 1.6653345369377942e-16 0 -1.6653345369377937e-16 1 0</Rotation>
<Translation>-0.0052617517889075316 0.0062323117449374042 0.056695698299001236</Translation>
</Transform>
</Instance>
<Instance name="base-2" uid="base-2" entityUid="base*:*Default">
<Transform>
<Rotation>-0.87755198649618316 -0.47838338091724991 0.032432265705377272 -0.031084796496980361 -0.010736572123849774 -0.99945908442805775 0.47847282725703888 -0.87808545534088578 -0.0054485498479062379</Rotation>
<Translation>0.032845672559944084 -0.010158788776781927 0.22768474712592066</Translation>
</Transform>
</Instance>
<Instance name="base-7" uid="base-7" entityUid="base*:*Default">
<Transform>
<Rotation>0.98151807865619844 -0.18921763321640067 -0.028617277142107947 0.029830724027512242 0.0035675093298483682 0.99954859850893474 -0.18903012769143163 -0.98192869402883076 0.009146073900638315</Rotation>
<Translation>0.14716651539112754 -0.0087826927496335427 0.56312880153717626</Translation>
</Transform>
</Instance>
<Instance name="connector-3" uid="connector-3" entityUid="connector*:*Default">
<Transform>
<Rotation>0.87755198649618382 -0.47870407521160047 -0.027293211104738702 0.031084796496981173 -3.1267134537496348e-06 0.99951675094365733 -0.47847282725703733 -0.87797631423975786 0.014877674906625627</Rotation>
<Translation>0.080141377758036564 -0.0080469443355707989 0.31460741898172501</Translation>
</Transform>
</Instance>
<Instance name="driver-5" uid="driver-5" entityUid="driver*:*Default">
<Transform>
<Rotation>0.029189142428027472 0.30439152624621513 -0.95209967582906785 -0.99954683388751919 0.0018782030949853858 -0.03004328907709776 -0.0073566860577572923 0.95254515436415599 0.30430840945924231</Rotation>
<Translation>0.1321727193307011 -0.0087573174514916224 0.50579998867986387</Translation>
</Transform>
</Instance>
<Instance name="Body-4" uid="Body-4" entityUid="Body*:*Default">
<Transform>
<Rotation>-0.032432265705378015 -0.87755198649618371 0.47838338091724886 0.99945908442805731 -0.031084796496981093 0.010736572123849951 0.005448549847906394 0.47847282725703777 0.87808545534088644</Rotation>
<Translation>0.032845672559922844 -0.010158788776713546 0.22768474712591349</Translation>
</Transform>
</Instance>
<Instance name="driver-4" uid="driver-4" entityUid="driver*:*Default">
<Transform>
<Rotation>0.027293211104738827 0.24454417687071178 -0.9692539534024186 -0.99951675094365711 -0.0077548515115301907 -0.030101941151181515 -0.01487767490662565 0.96960714097858214 0.24421434632861477</Rotation>
<Translation>0.097990540021754668 -0.0098830686474734083 0.39206899941894841</Translation>
</Transform>
</Instance>
<Instance name="Body-5" uid="Body-5" entityUid="Body*:*Default">
<Transform>
<Rotation>0.027293211104738591 0.96925395340241882 0.24454417687071203 -0.99951675094365711 0.030101941151181255 -0.0077548515115301248 -0.014877674906625532 -0.24421434632861516 0.96960714097858225</Rotation>
<Translation>0.083421270230738101 -0.0082326609331731457 0.33444895342766706</Translation>
</Transform>
</Instance>
<Instance name="base-5" uid="base-5" entityUid="base*:*Default">
<Transform>
<Rotation>0.96925395340241871 -0.24454417687071181 -0.02729321110473824 0.030101941151180901 0.0077548515115301395 0.99951675094365711 -0.24421434632861486 -0.96960714097858214 0.014877674906625451</Rotation>
<Translation>0.083421270230742695 -0.0082326609331704482 0.33444895342765746</Translation>
</Transform>
</Instance>
<Instance name="Body-6" uid="Body-6" entityUid="Body*:*Default">
<Transform>
<Rotation>0.0291891424280269 0.9520996758290684 0.30439152624621363 -0.99954683388751941 0.030043289077097413 0.0018782030949845434 -0.0073566860577579402 -0.30430840945924092 0.95254515436415643</Rotation>
<Translation>0.11411307156212444 -0.010058426909019791 0.44916772398420729</Translation>
</Transform>
</Instance>
<Instance name="driver-3" uid="driver-3" entityUid="driver*:*Default">
<Transform>
<Rotation>-0.032432265705378147 0.4783833809172483 0.87755198649618393 0.99945908442805731 0.010736572123849599 0.031084796496981426 0.0054485498479068441 0.87808545534088667 -0.47847282725703721</Rotation>
<Translation>0.061244308822612462 -0.0083312029830428652 0.27988852626584115</Translation>
</Transform>
</Instance>
<Instance name="connector-4" uid="connector-4" entityUid="connector*:*Default">
<Transform>
<Rotation>0.96925395340241882 -0.24432512719345559 -0.02918914242802699 0.030101941151181238 2.0897074689050056e-06 0.9995468338875193 -0.24421434632861497 -0.96969337020397073 0.0073566860577579593</Rotation>
<Translation>0.10767395747332102 -0.010088228471363387 0.43039379412263223</Translation>
</Transform>
</Instance>
<Instance name="base-4" uid="base-4" entityUid="base*:*Default">
<Transform>
<Rotation>-0.9768943429076189 -0.21372281767535126 2.0122792321330962e-16 -0.032851307457817482 0.15015830673451666 -0.98811602280143929 0.21118294058328521 -0.96528495281110194 -0.15370987438374037</Rotation>
<Translation>0.00042836481558325792 0.001300051633498099 0.11506292096239992</Translation>
</Transform>
</Instance>
<Instance name="Tail-1" uid="Tail-1" entityUid="Tail*:*Default">
<Transform>
<Rotation>0.98151807865619856 -0.028617277142108027 0.18921763321640031 0.029830724027512207 0.99954859850893485 -0.0035675093298477836 -0.18903012769143129 0.0091460739006377235 0.98192869402883076</Rotation>
<Translation>0.14716651539117664 -0.008782692749955693 0.56312880153710343</Translation>
</Transform>
</Instance>
<Instance name="connector-5" uid="connector-5" entityUid="connector*:*Default">
<Transform>
<Rotation>0.028617277142107978 0.30444582233158601 -0.95209967582906796 -0.99954859850893485 5.040942627187459e-07 -0.030043289077097451 -0.0091460739006383671 0.95252965374553578 0.3043084094592422</Rotation>
<Translation>0.13818934967429686 -0.0087080944763808909 0.52469516440524122</Translation>
</Transform>
</Instance>
<Instance name="base-6" uid="base-6" entityUid="base*:*Default">
<Transform>
<Rotation>0.95209967582906851 -0.3043915262462133 -0.029189142428026817 0.030043289077097305 -0.0018782030949845712 0.99954683388751953 -0.30430840945924054 -0.95254515436415665 0.0073566860577578726</Rotation>
<Translation>0.11411307156212304 -0.010058426909019161 0.44916772398420746</Translation>
</Transform>
</Instance>
</InstanceTree>
<Constraints>
<Concentric name="Concentric18">
<ConstraintGeometry geomType="cylinder">
<InstancePath>
<Uid>Head-1</Uid>
</InstancePath>
<Position>0 0.023000000000000007 0.058665080945882749</Position>
<Axis>0 -1 0</Axis>
</ConstraintGeometry>
<ConstraintGeometry geomType="cylinder">
<InstancePath>
<Uid>driver-1</Uid>
</InstancePath>
<Position>0.011309999999999997 0 0</Position>
<Axis>-1 0 0</Axis>
</ConstraintGeometry>
</Concentric>
<Concentric name="Concentric19">
<ConstraintGeometry geomType="cylinder">
<InstancePath>
<Uid>Head-1</Uid>
</InstancePath>
<Position>0 0.023000000000000007 0.058665080945882749</Position>
<Axis>0 -1 0</Axis>
</ConstraintGeometry>
<ConstraintGeometry geomType="cylinder">
<InstancePath>
<Uid>driver-1</Uid>
</InstancePath>
<Position>-0.011310000000000001 0 0</Position>
<Axis>1 0 0</Axis>
</ConstraintGeometry>
</Concentric>
<Coincident name="Coincident21">
<ConstraintGeometry geomType="plane">
<InstancePath>
<Uid>Head-1</Uid>
</InstancePath>
<Position>0.018000000000000002 -0.0070633232832919522 0.065000000000000002</Position>
<Axis>0 1 0</Axis>
</ConstraintGeometry>
<ConstraintGeometry geomType="plane">
<InstancePath>
<Uid>driver-1</Uid>
</InstancePath>
<Position>-0.0063100000000000005 -0.0087999999999999953 -0.0063099999999999996</Position>
<Axis>-1 0 0</Axis>
</ConstraintGeometry>
</Coincident>
<Tangent name="Tangent2">
<ConstraintGeometry geomType="cylinder">
<InstancePath>
<Uid>Body-1</Uid>
</InstancePath>
<Position>0 0 0.050000000000000017</Position>
<Axis>0 0 1</Axis>
</ConstraintGeometry>
<ConstraintGeometry geomType="plane">
<InstancePath>
<Uid>driver-2</Uid>
</InstancePath>
<Position>-0.0063099999999999996 -0.00880000000000003 -0.0063100000000000031</Position>
<Axis>-1 0 0</Axis>
</ConstraintGeometry>
</Tangent>
<Concentric name="Concentric22">
<ConstraintGeometry geomType="cylinder">
<InstancePath>
<Uid>Body-1</Uid>
</InstancePath>
<Position>0.012 0 0.059444436812069207</Position>
<Axis>-1 0 0</Axis>
</ConstraintGeometry>
<ConstraintGeometry geomType="cylinder">
<InstancePath>
<Uid>driver-2</Uid>
</InstancePath>
<Position>-0.011310000000000001 0 0</Position>
<Axis>1 0 0</Axis>
</ConstraintGeometry>
</Concentric>
<Parallel name="Parallel25">
<ConstraintGeometry geomType="plane">
<InstancePath>
<Uid>Body-1</Uid>
</InstancePath>
<Position>0 0 0.050000000000000017</Position>
<Axis>0 0 1</Axis>
</ConstraintGeometry>
<ConstraintGeometry geomType="plane">
<InstancePath>
<Uid>driver-2</Uid>
</InstancePath>
<Position>0 -0.0088000000000000023 0</Position>
<Axis>0 -1.0000000000000002 0</Axis>
</ConstraintGeometry>
</Parallel>
<Coincident name="Coincident25">
<ConstraintGeometry geomType="plane">
<InstancePath>
<Uid>driver-2</Uid>
</InstancePath>
<Position>0.012000000000000007 0.016130000000000005 -0.0072200502515735211</Position>
<Axis>0 0 1.0000000000000002</Axis>
</ConstraintGeometry>
<ConstraintGeometry geomType="plane">
<InstancePath>
<Uid>connector-2</Uid>
</InstancePath>
<Position>0.0071999999999999946 0.019700000000000023 -0.0071999999999999946</Position>
<Axis>-2.443791696782327e-16 0 -1</Axis>
</ConstraintGeometry>
</Coincident>
<Parallel name="Parallel26">
<ConstraintGeometry geomType="plane">
<InstancePath>
<Uid>driver-2</Uid>
</InstancePath>
<Position>0.012000000000000004 0.016130000000000005 0.0072200502515735177</Position>
<Axis>0 0 -1.0000000000000002</Axis>
</ConstraintGeometry>
<ConstraintGeometry geomType="plane">
<InstancePath>
<Uid>connector-2</Uid>
</InstancePath>
<Position>0.0071999999999999946 0.019700000000000023 0.0071999999999999981</Position>
<Axis>2.443791696782327e-16 0 1</Axis>
</ConstraintGeometry>
</Parallel>
<Concentric name="Concentric23">
<ConstraintGeometry geomType="cylinder">
<InstancePath>
<Uid>driver-2</Uid>
</InstancePath>
<Position>0 0.026530000000000026 -0.026200000000000001</Position>
<Axis>0 0 1.0000000000000002</Axis>
</ConstraintGeometry>
<ConstraintGeometry geomType="cylinder">
<InstancePath>
<Uid>connector-2</Uid>
</InstancePath>
<Position>0 0.0067000000000000115 0.012000000000000004</Position>
<Axis>0 0 -1</Axis>
</ConstraintGeometry>
</Concentric>
<Coincident name="Coincident27">
<ConstraintGeometry geomType="plane">
<InstancePath>
<Uid>connector-2</Uid>
</InstancePath>
<Position>-0.0072000000000000007 0.019700000000000023 0.0071999999999999981</Position>
<Axis>-1.0000000000000002 0 0</Axis>
</ConstraintGeometry>
<ConstraintGeometry geomType="plane">
<InstancePath>
<Uid>base-2</Uid>
</InstancePath>
<Position>0.012000000000000011 0.016129999999999978 -0.0072200502515735255</Position>
<Axis>0 0 1.0000000000000004</Axis>
</ConstraintGeometry>
</Coincident>
<Concentric name="Concentric24">
<ConstraintGeometry geomType="cylinder">
<InstancePath>
<Uid>connector-2</Uid>
</InstancePath>
<Position>0.012 0.013000000000000039 0</Position>
<Axis>-1.0000000000000002 0 0</Axis>
</ConstraintGeometry>
<ConstraintGeometry geomType="cylinder">
<InstancePath>
<Uid>base-2</Uid>
</InstancePath>
<Position>0 0.02652999999999997 -0.026200000000000025</Position>
<Axis>0 0 1.0000000000000004</Axis>
</ConstraintGeometry>
</Concentric>
<Coincident name="Coincident30">
<ConstraintGeometry geomType="plane">
<InstancePath>
<Uid>Body-1</Uid>
</InstancePath>
<Position>0 0 0</Position>
<Axis>0 0 -1</Axis>
</ConstraintGeometry>
<ConstraintGeometry geomType="circle">
<InstancePath>
<Uid>base-4</Uid>
</InstancePath>
<Position>0 0 0</Position>
<Axis>0 -1.0000000000000002 0</Axis>
</ConstraintGeometry>
</Coincident>
<Concentric name="Concentric32">
<ConstraintGeometry geomType="cylinder">
<InstancePath>
<Uid>Body-1</Uid>
</InstancePath>
<Position>0 0.016000000000000007 -0.0079399999999999887</Position>
<Axis>0 -1.0000000000000002 0</Axis>
</ConstraintGeometry>
<ConstraintGeometry geomType="cylinder">
<InstancePath>
<Uid>base-4</Uid>
</InstancePath>
<Position>-0.02 0.0079400000000000026 0</Position>
<Axis>1.0000000000000002 0 0</Axis>
</ConstraintGeometry>
</Concentric>
<Concentric name="Concentric33">
<ConstraintGeometry geomType="cylinder">
<InstancePath>
<Uid>Body-1</Uid>
</InstancePath>
<Position>0 0 0</Position>
<Axis>0 0 -1</Axis>
</ConstraintGeometry>
<ConstraintGeometry geomType="cylinder">
<InstancePath>
<Uid>base-4</Uid>
</InstancePath>
<Position>0 0.033530000000000004 0</Position>
<Axis>0 -1.0000000000000002 0</Axis>
</ConstraintGeometry>
</Concentric>
<Concentric name="Concentric42">
<ConstraintGeometry geomType="cylinder">
<InstancePath>
<Uid>driver-1</Uid>
</InstancePath>
<Position>0 0.026530000000000005 -0.026200000000000001</Position>
<Axis>0 0 1</Axis>
</ConstraintGeometry>
<ConstraintGeometry geomType="cylinder">
<InstancePath>
<Uid>connector-1</Uid>
</InstancePath>
<Position>0.012 0.013000000000000012 0</Position>
<Axis>-1 0 0</Axis>
</ConstraintGeometry>
</Concentric>
<Concentric name="Concentric43">
<ConstraintGeometry geomType="cylinder">
<InstancePath>
<Uid>driver-1</Uid>
</InstancePath>
<Position>0 0.026530000000000005 -0.026200000000000001</Position>
<Axis>0 0 1</Axis>
</ConstraintGeometry>
<ConstraintGeometry geomType="cylinder">
<InstancePath>
<Uid>connector-1</Uid>
</InstancePath>
<Position>0.012 0.013000000000000012 0</Position>
<Axis>-1 0 0</Axis>
</ConstraintGeometry>
</Concentric>
<Coincident name="Coincident34">
<ConstraintGeometry geomType="plane">
<InstancePath>
<Uid>driver-1</Uid>
</InstancePath>
<Position>0.012000000000000007 0.016129999999999999 0.0072200502515735203</Position>
<Axis>0 0 -1</Axis>
</ConstraintGeometry>
<ConstraintGeometry geomType="plane">
<InstancePath>
<Uid>connector-1</Uid>
</InstancePath>
<Position>0.0071999999999999981 0.019700000000000009 0.0072000000000000015</Position>
<Axis>1 0 0</Axis>
</ConstraintGeometry>
</Coincident>
<Concentric name="Concentric44">
<ConstraintGeometry geomType="cylinder">
<InstancePath>
<Uid>connector-1</Uid>
</InstancePath>
<Position>0 0.0067000000000000115 0.012</Position>
<Axis>0 0 -1</Axis>
</ConstraintGeometry>
<ConstraintGeometry geomType="cylinder">
<InstancePath>
<Uid>base-4</Uid>
</InstancePath>
<Position>0 0.026529999999999998 -0.026199999999999994</Position>
<Axis>0 0 0.99999999999999989</Axis>
</ConstraintGeometry>
</Concentric>
<Concentric name="Concentric45">
<ConstraintGeometry geomType="cylinder">
<InstancePath>
<Uid>connector-1</Uid>
</InstancePath>
<Position>0 0.0067000000000000115 0.012</Position>
<Axis>0 0 -1</Axis>
</ConstraintGeometry>
<ConstraintGeometry geomType="cylinder">
<InstancePath>
<Uid>base-4</Uid>
</InstancePath>
<Position>0 0.026529999999999998 -0.026199999999999994</Position>
<Axis>0 0 0.99999999999999989</Axis>
</ConstraintGeometry>
</Concentric>
<Coincident name="Coincident35">
<ConstraintGeometry geomType="plane">
<InstancePath>
<Uid>connector-1</Uid>
</InstancePath>
<Position>0.0071999999999999989 0.019700000000000009 -0.0072000000000000015</Position>
<Axis>-2.4093381610788987e-16 0 -1</Axis>
</ConstraintGeometry>
<ConstraintGeometry geomType="plane">
<InstancePath>
<Uid>base-4</Uid>
</InstancePath>
<Position>0.012000000000000004 0.016129999999999992 0.0072200502515735159</Position>
<Axis>0 0 -0.99999999999999989</Axis>
</ConstraintGeometry>
</Coincident>
<Concentric name="Concentric46">
<ConstraintGeometry geomType="cylinder">
<InstancePath>
<Uid>base-2</Uid>
</InstancePath>
<Position>-0.019999999999999983 0.0079400000000000026 0</Position>
<Axis>1 0 0</Axis>
</ConstraintGeometry>
<ConstraintGeometry geomType="cylinder">
<InstancePath>
<Uid>Body-4</Uid>
</InstancePath>
<Position>0 0.016000000000000014 -0.0079399999999999749</Position>
<Axis>0 -1 0</Axis>
</ConstraintGeometry>
</Concentric>
<Concentric name="Concentric47">
<ConstraintGeometry geomType="cylinder">
<InstancePath>
<Uid>base-2</Uid>
</InstancePath>
<Position>-0.019999999999999983 0.0079400000000000026 0</Position>
<Axis>1 0 0</Axis>
</ConstraintGeometry>
<ConstraintGeometry geomType="cylinder">
<InstancePath>
<Uid>Body-4</Uid>
</InstancePath>
<Position>0 0.016000000000000014 -0.0079399999999999749</Position>
<Axis>0 -1 0</Axis>
</ConstraintGeometry>
</Concentric>
<Concentric name="Concentric48">
<ConstraintGeometry geomType="cylinder">
<InstancePath>
<Uid>base-2</Uid>
</InstancePath>
<Position>0 0.033530000000000004 0</Position>
<Axis>0 -1 0</Axis>
</ConstraintGeometry>
<ConstraintGeometry geomType="cylinder">
<InstancePath>
<Uid>Body-4</Uid>
</InstancePath>
<Position>0 0 0</Position>
<Axis>0 0 -1.0000000000000002</Axis>
</ConstraintGeometry>
</Concentric>
<Concentric name="Concentric53">
<ConstraintGeometry geomType="cylinder">
<InstancePath>
<Uid>Body-4</Uid>
</InstancePath>
<Position>0.011999999999999999 0 0.059444436812069262</Position>
<Axis>-1.0000000000000002 0 0</Axis>
</ConstraintGeometry>
<ConstraintGeometry geomType="cylinder">
<InstancePath>
<Uid>driver-3</Uid>
</InstancePath>
<Position>0.011309999999999997 0 0</Position>
<Axis>-1.0000000000000002 0 0</Axis>
</ConstraintGeometry>
</Concentric>
<Concentric name="Concentric54">
<ConstraintGeometry geomType="cylinder">
<InstancePath>
<Uid>Body-4</Uid>
</InstancePath>
<Position>0.011999999999999999 0 0.059444436812069262</Position>
<Axis>-1.0000000000000002 0 0</Axis>
</ConstraintGeometry>
<ConstraintGeometry geomType="cylinder">
<InstancePath>
<Uid>driver-3</Uid>
</InstancePath>
<Position>-0.011309999999999999 0 0</Position>
<Axis>1.0000000000000002 0 0</Axis>
</ConstraintGeometry>
</Concentric>
<Tangent name="Tangent6">
<ConstraintGeometry geomType="cylinder">
<InstancePath>
<Uid>Body-4</Uid>
</InstancePath>
<Position>0 0 0.050000000000000017</Position>
<Axis>0 0 1.0000000000000002</Axis>
</ConstraintGeometry>
<ConstraintGeometry geomType="plane">
<InstancePath>
<Uid>driver-3</Uid>
</InstancePath>
<Position>0.0063099999999999979 -0.0087999999999999745 -0.0063100000000000239</Position>
<Axis>1.0000000000000002 0 0</Axis>
</ConstraintGeometry>
</Tangent>
<Parallel name="Parallel33">
<ConstraintGeometry geomType="plane">
<InstancePath>
<Uid>Body-4</Uid>
</InstancePath>
<Position>0 0 0.050000000000000017</Position>
<Axis>0 0 1.0000000000000002</Axis>
</ConstraintGeometry>
<ConstraintGeometry geomType="plane">
<InstancePath>
<Uid>driver-3</Uid>
</InstancePath>
<Position>0 -0.00880000000000003 0</Position>
<Axis>0 -1 0</Axis>
</ConstraintGeometry>
</Parallel>
<Concentric name="Concentric55">
<ConstraintGeometry geomType="cylinder">
<InstancePath>
<Uid>driver-3</Uid>
</InstancePath>
<Position>0 0.026529999999999998 -0.026200000000000001</Position>
<Axis>0 0 1.0000000000000002</Axis>
</ConstraintGeometry>
<ConstraintGeometry geomType="cylinder">
<InstancePath>
<Uid>connector-3</Uid>
</InstancePath>
<Position>0.011999999999999997 0.013000000000000012 0</Position>
<Axis>-1 0 0</Axis>
</ConstraintGeometry>
</Concentric>
<Concentric name="Concentric56">
<ConstraintGeometry geomType="cylinder">
<InstancePath>
<Uid>driver-3</Uid>
</InstancePath>
<Position>0 0.026529999999999998 -0.026200000000000001</Position>
<Axis>0 0 1.0000000000000002</Axis>
</ConstraintGeometry>
<ConstraintGeometry geomType="cylinder">
<InstancePath>
<Uid>connector-3</Uid>
</InstancePath>
<Position>0.011999999999999997 0.013000000000000012 0</Position>
<Axis>-1 0 0</Axis>
</ConstraintGeometry>
</Concentric>
<Coincident name="Coincident41">
<ConstraintGeometry geomType="plane">
<InstancePath>
<Uid>driver-3</Uid>
</InstancePath>
<Position>0.012000000000000005 0.016130000000000033 -0.0072200502515735177</Position>
<Axis>0 0 1.0000000000000002</Axis>
</ConstraintGeometry>
<ConstraintGeometry geomType="plane">
<InstancePath>
<Uid>connector-3</Uid>
</InstancePath>
<Position>-0.0072000000000000258 0.019699999999999995 0.0072000000000000033</Position>
<Axis>-1 0 0</Axis>
</ConstraintGeometry>
</Coincident>
<Concentric name="Concentric57">
<ConstraintGeometry geomType="cylinder">
<InstancePath>
<Uid>connector-3</Uid>
</InstancePath>
<Position>0 0.0067000000000000393 0.012000000000000004</Position>
<Axis>0 0 -1.0000000000000002</Axis>
</ConstraintGeometry>
<ConstraintGeometry geomType="cylinder">
<InstancePath>
<Uid>base-5</Uid>
</InstancePath>
<Position>0 0.026529999999999998 -0.026199999999999987</Position>
<Axis>0 0 1</Axis>
</ConstraintGeometry>
</Concentric>
<Concentric name="Concentric58">
<ConstraintGeometry geomType="cylinder">
<InstancePath>
<Uid>connector-3</Uid>
</InstancePath>
<Position>0 0.0067000000000000393 0.012000000000000004</Position>
<Axis>0 0 -1.0000000000000002</Axis>
</ConstraintGeometry>
<ConstraintGeometry geomType="cylinder">
<InstancePath>
<Uid>base-5</Uid>
</InstancePath>
<Position>0 0.026529999999999998 -0.026199999999999987</Position>
<Axis>0 0 1</Axis>
</ConstraintGeometry>
</Concentric>
<Coincident name="Coincident43">
<ConstraintGeometry geomType="plane">
<InstancePath>
<Uid>connector-3</Uid>
</InstancePath>
<Position>0.0071999999999999842 0.019699999999999995 -0.0072000000000000041</Position>
<Axis>-2.4893281880267182e-16 0 -1.0000000000000002</Axis>
</ConstraintGeometry>
<ConstraintGeometry geomType="plane">
<InstancePath>
<Uid>base-5</Uid>
</InstancePath>
<Position>0.011999999999999997 0.016129999999999978 -0.0072200502515735177</Position>
<Axis>0 0 1</Axis>
</ConstraintGeometry>
</Coincident>
<Concentric name="Concentric60">
<ConstraintGeometry geomType="cylinder">
<InstancePath>
<Uid>base-5</Uid>
</InstancePath>
<Position>-0.020000000000000011 0.0079399999999999471 0</Position>
<Axis>1.0000000000000002 0 0</Axis>
</ConstraintGeometry>
<ConstraintGeometry geomType="cylinder">
<InstancePath>
<Uid>Body-5</Uid>
</InstancePath>
<Position>0 0.016000000000000014 -0.0079400000000000026</Position>
<Axis>0 -1.0000000000000002 1.1102230246251565e-16</Axis>
</ConstraintGeometry>
</Concentric>
<Concentric name="Concentric61">
<ConstraintGeometry geomType="cylinder">
<InstancePath>
<Uid>base-5</Uid>
</InstancePath>
<Position>-0.020000000000000011 0.0079399999999999471 0</Position>
<Axis>1.0000000000000002 0 0</Axis>
</ConstraintGeometry>
<ConstraintGeometry geomType="cylinder">
<InstancePath>
<Uid>Body-5</Uid>
</InstancePath>
<Position>0 0.016000000000000014 -0.0079400000000000026</Position>
<Axis>0 -1.0000000000000002 1.1102230246251565e-16</Axis>
</ConstraintGeometry>
</Concentric>
<Concentric name="Concentric62">
<ConstraintGeometry geomType="cylinder">
<InstancePath>
<Uid>base-5</Uid>
</InstancePath>
<Position>0 0.033530000000000004 0</Position>
<Axis>0 -1.0000000000000002 0</Axis>
</ConstraintGeometry>
<ConstraintGeometry geomType="cylinder">
<InstancePath>
<Uid>Body-5</Uid>
</InstancePath>
<Position>0 0 0</Position>
<Axis>0 1.1102230246251565e-16 -1.0000000000000002</Axis>
</ConstraintGeometry>
</Concentric>
<Concentric name="Concentric66">
<ConstraintGeometry geomType="cylinder">
<InstancePath>
<Uid>Body-5</Uid>
</InstancePath>
<Position>0.011999999999999993 0 0.05944443681206929</Position>
<Axis>-1 0 0</Axis>
</ConstraintGeometry>
<ConstraintGeometry geomType="cylinder">
<InstancePath>
<Uid>driver-4</Uid>
</InstancePath>
<Position>-0.011309999999999997 0 0</Position>
<Axis>1 0 0</Axis>
</ConstraintGeometry>
</Concentric>
<Concentric name="Concentric67">
<ConstraintGeometry geomType="cylinder">
<InstancePath>
<Uid>Body-5</Uid>
</InstancePath>
<Position>0.011999999999999993 0 0.05944443681206929</Position>
<Axis>-1 0 0</Axis>
</ConstraintGeometry>
<ConstraintGeometry geomType="cylinder">
<InstancePath>
<Uid>driver-4</Uid>
</InstancePath>
<Position>0.011309999999999997 -1.1102230246251565e-16 0</Position>
<Axis>-1 0 0</Axis>
</ConstraintGeometry>
</Concentric>
<Parallel name="Parallel35">
<ConstraintGeometry geomType="plane">
<InstancePath>
<Uid>Body-5</Uid>
</InstancePath>
<Position>0 0 0.049999999999999989</Position>
<Axis>0 -1.1102230246251565e-16 1.0000000000000002</Axis>
</ConstraintGeometry>
<ConstraintGeometry geomType="plane">
<InstancePath>
<Uid>driver-4</Uid>
</InstancePath>
<Position>0 -0.00880000000000003 0</Position>
<Axis>0 -1 0</Axis>
</ConstraintGeometry>
</Parallel>
<Tangent name="Tangent11">
<ConstraintGeometry geomType="cylinder">
<InstancePath>
<Uid>Body-5</Uid>
</InstancePath>
<Position>0 0 0.049999999999999989</Position>
<Axis>0 -1.1102230246251565e-16 1.0000000000000002</Axis>
</ConstraintGeometry>
<ConstraintGeometry geomType="plane">
<InstancePath>
<Uid>driver-4</Uid>
</InstancePath>
<Position>0.0063099999999999979 -0.00880000000000003 -0.0063099999999999823</Position>
<Axis>1 0 0</Axis>
</ConstraintGeometry>
</Tangent>
<Concentric name="Concentric68">
<ConstraintGeometry geomType="cylinder">
<InstancePath>
<Uid>driver-4</Uid>
</InstancePath>
<Position>0 0.026529999999999943 -0.026199999999999987</Position>
<Axis>0 0 0.99999999999999989</Axis>
</ConstraintGeometry>
<ConstraintGeometry geomType="cylinder">
<InstancePath>
<Uid>connector-4</Uid>
</InstancePath>
<Position>0.012000000000000011 0.012999999999999901 0</Position>
<Axis>-1.0000000000000002 0 0</Axis>
</ConstraintGeometry>
</Concentric>
<Concentric name="Concentric69">
<ConstraintGeometry geomType="cylinder">
<InstancePath>
<Uid>driver-4</Uid>
</InstancePath>
<Position>0 0.026529999999999943 -0.026199999999999987</Position>
<Axis>0 0 0.99999999999999989</Axis>
</ConstraintGeometry>
<ConstraintGeometry geomType="cylinder">
<InstancePath>
<Uid>connector-4</Uid>
</InstancePath>
<Position>0.012000000000000011 0.012999999999999901 0</Position>
<Axis>-1.0000000000000002 0 0</Axis>
</ConstraintGeometry>
</Concentric>
<Coincident name="Coincident46">
<ConstraintGeometry geomType="plane">
<InstancePath>
<Uid>driver-4</Uid>
</InstancePath>
<Position>0.012000000000000004 0.016129999999999922 -0.0072200502515735177</Position>
<Axis>0 0 0.99999999999999989</Axis>
</ConstraintGeometry>
<ConstraintGeometry geomType="plane">
<InstancePath>
<Uid>connector-4</Uid>
</InstancePath>
<Position>0.0072000000000000258 0.019699999999999995 0.0071999999999999998</Position>
<Axis>1.0000000000000002 0 0</Axis>
</ConstraintGeometry>
</Coincident>
<Concentric name="Concentric70">
<ConstraintGeometry geomType="cylinder">
<InstancePath>
<Uid>connector-4</Uid>
</InstancePath>
<Position>0 0.0066999999999999282 0.012000000000000004</Position>
<Axis>0 0 -1.0000000000000002</Axis>
</ConstraintGeometry>
<ConstraintGeometry geomType="cylinder">
<InstancePath>
<Uid>base-6</Uid>
</InstancePath>
<Position>0 0.026529999999999998 -0.026200000000000008</Position>
<Axis>0 0 1</Axis>
</ConstraintGeometry>
</Concentric>
<Concentric name="Concentric71">
<ConstraintGeometry geomType="cylinder">
<InstancePath>
<Uid>connector-4</Uid>
</InstancePath>
<Position>0 0.0066999999999999282 0.012000000000000004</Position>
<Axis>0 0 -1.0000000000000002</Axis>
</ConstraintGeometry>
<ConstraintGeometry geomType="cylinder">
<InstancePath>
<Uid>base-6</Uid>
</InstancePath>
<Position>0 0.026529999999999998 -0.026200000000000008</Position>
<Axis>0 0 1</Axis>
</ConstraintGeometry>
</Concentric>
<Coincident name="Coincident47">
<ConstraintGeometry geomType="plane">
<InstancePath>
<Uid>connector-4</Uid>
</InstancePath>
<Position>0.0072000000000000258 0.019699999999999995 0.0071999999999999998</Position>
<Axis>2.4286128663675299e-16 0 1</Axis>
</ConstraintGeometry>
<ConstraintGeometry geomType="plane">
<InstancePath>
<Uid>base-6</Uid>
</InstancePath>
<Position>0.012000000000000025 0.016129999999999978 0.0072200502515735237</Position>
<Axis>0 0 -1</Axis>
</ConstraintGeometry>
</Coincident>
<Concentric name="Concentric72">
<ConstraintGeometry geomType="cylinder">
<InstancePath>
<Uid>base-6</Uid>
</InstancePath>
<Position>-0.019999999999999976 0.0079400000000000026 0</Position>
<Axis>1 0 0</Axis>
</ConstraintGeometry>
<ConstraintGeometry geomType="cylinder">
<InstancePath>
<Uid>Body-6</Uid>
</InstancePath>
<Position>0 0.016 -0.0079399999999999471</Position>
<Axis>0 -1.0000000000000002 0</Axis>
</ConstraintGeometry>
</Concentric>
<Concentric name="Concentric73">
<ConstraintGeometry geomType="cylinder">
<InstancePath>
<Uid>base-6</Uid>
</InstancePath>
<Position>-0.019999999999999976 0.0079400000000000026 0</Position>
<Axis>1 0 0</Axis>
</ConstraintGeometry>
<ConstraintGeometry geomType="cylinder">
<InstancePath>
<Uid>Body-6</Uid>
</InstancePath>
<Position>0 0.016 -0.0079399999999999471</Position>
<Axis>0 -1.0000000000000002 0</Axis>
</ConstraintGeometry>
</Concentric>
<Concentric name="Concentric74">
<ConstraintGeometry geomType="cylinder">
<InstancePath>
<Uid>base-6</Uid>
</InstancePath>
<Position>0 0.033529999999999949 0</Position>
<Axis>0 -0.99999999999999989 0</Axis>
</ConstraintGeometry>
<ConstraintGeometry geomType="cylinder">
<InstancePath>
<Uid>Body-6</Uid>
</InstancePath>
<Position>0 0 0</Position>
<Axis>0 0 -1</Axis>
</ConstraintGeometry>
</Concentric>
<Coincident name="Coincident48">
<ConstraintGeometry geomType="plane">
<InstancePath>
<Uid>base-6</Uid>
</InstancePath>
<Position>0 0 0</Position>
<Axis>0 -0.99999999999999989 0</Axis>
</ConstraintGeometry>
<ConstraintGeometry geomType="plane">
<InstancePath>
<Uid>Body-6</Uid>
</InstancePath>
<Position>0 0 0</Position>
<Axis>0 0 -1</Axis>
</ConstraintGeometry>
</Coincident>
<Concentric name="Concentric75">
<ConstraintGeometry geomType="cylinder">
<InstancePath>
<Uid>Body-6</Uid>
</InstancePath>
<Position>0.012000000000000005 0 0.059444436812069346</Position>
<Axis>-1.0000000000000002 0 0</Axis>
</ConstraintGeometry>
<ConstraintGeometry geomType="cylinder">
<InstancePath>
<Uid>driver-5</Uid>
</InstancePath>
<Position>-0.011310000000000001 0 0</Position>
<Axis>1 0 0</Axis>
</ConstraintGeometry>
</Concentric>
<Concentric name="Concentric76">
<ConstraintGeometry geomType="cylinder">
<InstancePath>
<Uid>Body-6</Uid>
</InstancePath>
<Position>0.012000000000000005 0 0.059444436812069346</Position>
<Axis>-1.0000000000000002 0 0</Axis>
</ConstraintGeometry>
<ConstraintGeometry geomType="cylinder">
<InstancePath>
<Uid>driver-5</Uid>
</InstancePath>
<Position>0.011310000000000001 -1.1102230246251565e-16 0</Position>
<Axis>-1 0 0</Axis>
</ConstraintGeometry>
</Concentric>
<Parallel name="Parallel37">
<ConstraintGeometry geomType="plane">
<InstancePath>
<Uid>Body-6</Uid>
</InstancePath>
<Position>0 0 0.050000000000000044</Position>
<Axis>0 0 1</Axis>
</ConstraintGeometry>
<ConstraintGeometry geomType="plane">
<InstancePath>
<Uid>driver-5</Uid>
</InstancePath>
<Position>0 -0.00880000000000003 0</Position>
<Axis>0 -1 0</Axis>
</ConstraintGeometry>
</Parallel>
<Tangent name="Tangent13">
<ConstraintGeometry geomType="cylinder">
<InstancePath>
<Uid>Body-6</Uid>
</InstancePath>
<Position>0 0 0.050000000000000044</Position>
<Axis>0 0 1</Axis>
</ConstraintGeometry>
<ConstraintGeometry geomType="plane">
<InstancePath>
<Uid>driver-5</Uid>
</InstancePath>
<Position>-0.0063100000000000005 -0.00880000000000003 -0.0063099999999999823</Position>
<Axis>-1 0 0</Axis>
</ConstraintGeometry>
</Tangent>
<Concentric name="Concentric77">
<ConstraintGeometry geomType="cylinder">
<InstancePath>
<Uid>driver-5</Uid>
</InstancePath>
<Position>0 0.026529999999999943 -0.026200000000000001</Position>
<Axis>0 0 1</Axis>
</ConstraintGeometry>
<ConstraintGeometry geomType="cylinder">
<InstancePath>
<Uid>connector-5</Uid>
</InstancePath>
<Position>0 0.0066999999999999282 0.011999999999999997</Position>
<Axis>0 0 -1</Axis>
</ConstraintGeometry>
</Concentric>
<Concentric name="Concentric78">
<ConstraintGeometry geomType="cylinder">
<InstancePath>
<Uid>driver-5</Uid>
</InstancePath>
<Position>0 0.026529999999999943 -0.026200000000000001</Position>
<Axis>0 0 1</Axis>
</ConstraintGeometry>
<ConstraintGeometry geomType="cylinder">
<InstancePath>
<Uid>connector-5</Uid>
</InstancePath>
<Position>0 0.0066999999999999282 0.011999999999999997</Position>
<Axis>0 0 -1</Axis>
</ConstraintGeometry>
</Concentric>
<Coincident name="Coincident51">
<ConstraintGeometry geomType="plane">
<InstancePath>
<Uid>driver-5</Uid>
</InstancePath>
<Position>0.012000000000000004 0.016129999999999978 0.0072200502515735038</Position>
<Axis>0 0 -1</Axis>
</ConstraintGeometry>
<ConstraintGeometry geomType="plane">
<InstancePath>
<Uid>connector-5</Uid>
</InstancePath>
<Position>0.0071999999999999963 0.01969999999999994 0.0072000000000000119</Position>
<Axis>2.3852447794681098e-16 0 1</Axis>
</ConstraintGeometry>
</Coincident>
<Concentric name="Concentric81">
<ConstraintGeometry geomType="cylinder">
<InstancePath>
<Uid>connector-5</Uid>
</InstancePath>
<Position>0.011999999999999999 0.013000000000000012 0</Position>
<Axis>-1 0 0</Axis>
</ConstraintGeometry>
<ConstraintGeometry geomType="cylinder">
<InstancePath>
<Uid>base-7</Uid>
</InstancePath>
<Position>0 0.026530000000000165 -0.026199999999999994</Position>
<Axis>0 0 1</Axis>
</ConstraintGeometry>
</Concentric>
<Concentric name="Concentric82">
<ConstraintGeometry geomType="cylinder">
<InstancePath>
<Uid>connector-5</Uid>
</InstancePath>
<Position>0.011999999999999999 0.013000000000000012 0</Position>
<Axis>-1 0 0</Axis>
</ConstraintGeometry>
<ConstraintGeometry geomType="cylinder">
<InstancePath>
<Uid>base-7</Uid>
</InstancePath>
<Position>0 0.026530000000000165 -0.026199999999999994</Position>
<Axis>0 0 1</Axis>
</ConstraintGeometry>
</Concentric>
<Coincident name="Coincident53">
<ConstraintGeometry geomType="plane">
<InstancePath>
<Uid>connector-5</Uid>
</InstancePath>
<Position>0.0071999999999999963 0.01969999999999994 0.0072000000000000119</Position>
<Axis>1 0 0</Axis>
</ConstraintGeometry>
<ConstraintGeometry geomType="plane">
<InstancePath>
<Uid>base-7</Uid>
</InstancePath>
<Position>0.012000000000000025 0.016130000000000089 -0.0072200502515735211</Position>
<Axis>0 0 1</Axis>
</ConstraintGeometry>
</Coincident>
<Concentric name="Concentric83">
<ConstraintGeometry geomType="cylinder">
<InstancePath>
<Uid>base-7</Uid>
</InstancePath>
<Position>-0.020000000000000004 0.0079400000000000581 0</Position>
<Axis>1 0 0</Axis>
</ConstraintGeometry>
<ConstraintGeometry geomType="cylinder">
<InstancePath>
<Uid>Tail-1</Uid>
</InstancePath>
<Position>0.01999999999999999 0 -0.0079399999999999471</Position>
<Axis>-1 0 0</Axis>
</ConstraintGeometry>
</Concentric>
<Concentric name="Concentric84">
<ConstraintGeometry geomType="cylinder">
<InstancePath>
<Uid>base-7</Uid>
</InstancePath>
<Position>-0.020000000000000004 0.0079400000000000581 0</Position>
<Axis>1 0 0</Axis>
</ConstraintGeometry>
<ConstraintGeometry geomType="cylinder">
<InstancePath>
<Uid>Tail-1</Uid>
</InstancePath>
<Position>0.01999999999999999 0 -0.0079399999999999471</Position>
<Axis>-1 0 0</Axis>
</ConstraintGeometry>
</Concentric>
<Concentric name="Concentric85">
<ConstraintGeometry geomType="cylinder">
<InstancePath>
<Uid>base-7</Uid>
</InstancePath>
<Position>0 0.03353000000000006 0</Position>
<Axis>0 -1 0</Axis>
</ConstraintGeometry>
<ConstraintGeometry geomType="cylinder">
<InstancePath>
<Uid>Tail-1</Uid>
</InstancePath>
<Position>0 0 0</Position>
<Axis>0 0 -1</Axis>
</ConstraintGeometry>
</Concentric>
</Constraints>
</RootAssembly>
<Assemblies>
</Assemblies>
<Parts>
<Part name="Body" uid="Body*:*Default" version="428">
<ModelUnits mass="kilogram" length="millimeter"/>
<PartFile name="Body.SLDPRT" type="SolidWorks Part"/>
<MassProperties>
<Mass>0.38006012902449127</Mass>
<CenterOfMass>-1.5835723654476039e-10 4.9027635361301203e-12 0.025000068606426062</CenterOfMass>
<Inertia>0.00030603631342311009 0.00030602533113797622 0.00046137580636075582 9.4008003597684867e-13 1.3646383293417587e-12 -8.9263340526856045e-13</Inertia>
</MassProperties>
<GeometryFile name="Body_Default_sldprt.STEP" type="STEP"/>
<VisualProperties>
<Ambient r="0.792156862745098" g="0.81960784313725488" b="0.93333333333333335" a="1"/>
<Diffuse r="0.792156862745098" g="0.81960784313725488" b="0.93333333333333335" a="1"/>
<Specular r="0.396078431372549" g="0.40980392156862744" b="0.46666666666666667" a="1"/>
<Emissive r="0" g="0" b="0" a="1"/>
<Shininess>0.3125</Shininess>
</VisualProperties>
</Part>
<Part name="Head" uid="Head*:*Default" version="715">
<ModelUnits mass="kilogram" length="millimeter"/>
<PartFile name="Head.SLDPRT" type="SolidWorks Part"/>
<MassProperties>
<Mass>0.46511988679109462</Mass>
<CenterOfMass>-1.8866655894404375e-06 -2.3607583026916953e-05 0.017137742457817309</CenterOfMass>
<Inertia>0.00046342501261665593 0.00046336080553829553 0.00047683121399146755 -3.3364737196431929e-07 -2.3053470878409336e-08 1.9740805968029918e-08</Inertia>
</MassProperties>
<GeometryFile name="Head_Default_sldprt.STEP" type="STEP"/>
<VisualProperties>
<Ambient r="0.792156862745098" g="0.81960784313725488" b="0.93333333333333335" a="1"/>
<Diffuse r="0.792156862745098" g="0.81960784313725488" b="0.93333333333333335" a="1"/>
<Specular r="0.396078431372549" g="0.40980392156862744" b="0.46666666666666667" a="1"/>
<Emissive r="0" g="0" b="0" a="1"/>
<Shininess>0.3125</Shininess>
</VisualProperties>
</Part>
<Part name="Tail" uid="Tail*:*Default" version="190">
<ModelUnits mass="kilogram" length="millimeter"/>
<PartFile name="Tail.SLDPRT" type="SolidWorks Part"/>
<MassProperties>
<Mass>0.36646808463711783</Mass>
<CenterOfMass>4.1450684707788132e-11 -7.5332408128084621e-11 0.025776580755498484</CenterOfMass>
<Inertia>0.00028826868920561754 0.00028828665223167336 0.00038164992931516873 -7.0587445478129584e-13 5.5359606039473753e-14 -2.1149932824924829e-13</Inertia>
</MassProperties>
<GeometryFile name="Tail_Default_sldprt.STEP" type="STEP"/>
<VisualProperties>
<Ambient r="0.792156862745098" g="0.81960784313725488" b="0.93333333333333335" a="1"/>
<Diffuse r="0.792156862745098" g="0.81960784313725488" b="0.93333333333333335" a="1"/>
